# rank eid nid X Y Z D N_fail
   1     1909       51  -1.432510E-01  -2.690260E-02   2.380010E-02   1.000000E+00   4.026922E-02
   2     1909       52  -1.432510E-01  -2.343590E-02   2.073310E-02   1.000000E+00   4.069199E-02
   3     1950       50  -1.468700E-01  -2.906410E-02   2.571230E-02   1.000000E+00   5.099461E-02
   4     4092      147  -3.214840E-03  -3.155590E-02   2.791670E-02   1.000000E+00   5.307465E-02
   5     4092      141  -5.156200E-03  -2.853650E-02   2.524560E-02   1.000000E+00   5.463820E-02
   6     1909     1174  -1.427490E-01  -2.284700E-02   2.568790E-02   1.000000E+00   6.567335E-02
   7     1041     1032  -1.381790E-01  -1.941960E-02   2.876570E-02   1.000000E+00   7.176558E-02
   8     2029      142  -3.214840E-03  -2.551720E-02   2.257450E-02   1.000000E+00   7.192410E-02
   9     1950     1177  -1.454930E-01  -2.605440E-02   2.832540E-02   1.000000E+00   7.237712E-02
  10     1034     1031  -1.397470E-01  -2.341950E-02   3.230430E-02   1.000000E+00   7.699677E-02
  11     5805     1033  -1.397470E-01  -1.541980E-02   2.522710E-02   1.000000E+00   8.082887E-02
  12     6003     1005  -9.477870E-03  -2.487130E-02   3.358870E-02   1.000000E+00   8.115382E-02
  13     4414      146   1.147360E-03  -3.230160E-02   2.857640E-02   1.000000E+00   8.232737E-02
  14     2029     1166  -4.918750E-03  -2.477560E-02   2.716250E-02   1.000000E+00   8.429575E-02
  15     3906     1015  -9.284740E-03  -2.080580E-02   2.975410E-02   1.000000E+00   8.833709E-02
  16     1909     1382  -1.378030E-01  -2.628600E-02   2.325460E-02   1.000000E+00   9.070201E-02
  17     1360      366  -5.656580E-02  -2.135890E-02   7.556530E-02   1.000000E+00   9.312185E-02
  18     1041       24  -1.380420E-01  -2.074970E-02   3.222720E-02   1.000000E+00   9.404091E-02
  19     2739     1669  -1.396160E-01  -2.628610E-02   2.986060E-02   1.000000E+00   9.606357E-02
  20     3801      314  -8.514080E-02  -2.135890E-02   7.556530E-02   1.000000E+00   1.000044E-01
